100 100
004 -33 082 007 061 -09 061 003 037 -60 -21 025 036 094 002 096 018 053 099 -93 -14 019 035 068 053 092 003 017 -85 032 011 082 090 010 028 088 020 067 018 -07 090 058 072 -99 099 -12 058 008 -60 -16 084 090 078 067 087 061 086 046 -33 056 -94 060 007 054 -64 -20 085 049 028 017 -40 019 084 019 008 028 069 040 095 004 009 003 -81 002 011 065 -51 -91 062 082 002 -07 -28 058 034 067 033 016 073 039
-65 -56 096 -39 084 041 098 000 013 010 060 056 061 051 -90 060 056 086 000 -15 050 091 -43 088 011 050 -22 017 014 030 057 053 087 063 042 050 027 072 059 089 059 024 -89 026 -28 -46 025 036 076 071 -54 025 023 -73 026 -24 074 088 077 008 007 000 014 -56 046 006 005 031 -35 082 000 -43 052 020 -66 052 033 -61 067 094 075 069 054 066 092 084 031 063 023 062 000 058 099 046 022 053 036 045 061 045
021 002 061 043 051 014 002 005 -20 058 -43 028 023 083 017 043 -92 002 096 092 049 061 048 015 017 003 -64 030 024 018 096 019 041 -21 069 028 030 091 076 -59 072 -46 097 -16 -65 -19 039 034 007 088 013 048 010 -36 093 067 096 031 037 -03 021 057 056 069 -69 -32 075 006 019 -10 062 085 -83 004 041 094 053 017 097 078 092 -62 062 073 066 079 068 -72 024 015 -75 068 096 048 097 086 097 012 086 083
034 072 -33 031 073 037 090 031 005 050 034 -40 -87 014 096 -18 035 099 036 090 099 -66 000 -76 074 046 -97 007 015 002 -01 054 009 066 040 -14 084 075 086 067 007 030 023 091 021 051 061 047 012 061 -17 014 086 073 -19 045 064 031 021 018 -01 -20 044 057 079 -70 022 -92 080 060 015 043 073 041 054 044 075 072 069 014 084 038 087 063 033 077 021 053 049 078 -87 038 095 014 024 081 -43 033 000 020
026 020 -60 088 031 -94 019 -54 050 -84 038 018 063 009 034 093 008 -68 094 070 061 055 -45 071 055 -84 063 020 018 054 038 033 -43 -42 -13 063 019 003 000 089 010 096 060 066 076 052 -17 042 022 014 084 090 054 -86 077 087 048 081 045 -46 087 -63 -91 046 094 067 072 012 -23 -93 002 048 012 075 007 003 096 060 018 -10 063 026 034 072 003 051 082 020 022 038 002 081 072 -67 009 032 036 008 026 040
046 023 003 021 023 -01 026 056 -97 087 013 -24 012 027 061 016 083 081 082 023 -38 021 042 -09 -48 -37 -81 031 073 -64 -52 009 041 000 044 063 -88 -74 002 007 003 070 063 026 083 005 094 087 016 004 081 038 041 022 030 081 081 055 047 043 010 057 064 -68 036 083 081 077 -76 039 078 054 072 -04 -16 042 040 -13 -77 -24 -32 -49 000 043 009 049 034 047 085 070 -58 000 070 -47 -47 019 -16 051 039 056
024 089 090 057 055 -15 031 062 009 079 -42 011 098 -34 042 095 024 093 031 -21 034 061 065 022 -72 039 -18 027 015 050 093 044 059 018 076 -10 019 097 -36 047 079 096 032 -07 078 047 081 -42 -75 021 093 025 053 -30 -58 040 065 -70 032 -39 080 040 -33 098 024 025 025 064 006 -44 017 -37 013 -61 048 095 088 084 -06 062 041 051 046 069 028 095 004 033 095 065 043 035 -97 095 087 046 079 043 091 -84
097 082 011 089 026 -55 -47 -93 075 015 067 009 067 056 -67 080 076 016 071 096 097 042 074 -97 -75 066 -83 097 063 004 098 093 009 -77 011 011 012 012 000 021 078 070 075 -07 087 079 -66 -62 090 014 017 085 029 033 015 020 060 002 017 010 089 009 044 -86 048 -02 096 047 028 064 085 042 090 018 -67 005 081 052 077 -59 033 050 098 -19 -77 -75 032 083 -92 068 082 032 034 036 068 034 -73 029 -27 017
063 086 -69 098 082 064 -85 066 082 006 059 005 -38 049 091 070 007 016 027 -35 028 084 -76 001 040 -42 054 031 -77 027 031 026 -01 016 009 -12 068 080 084 088 056 081 -69 -88 -12 057 015 094 097 077 081 -04 093 019 053 087 011 036 089 -86 042 029 024 019 093 -05 007 -88 014 -97 -33 -82 099 069 098 026 085 086 -12 -60 051 063 002 -44 099 -53 -98 -60 -97 076 -89 091 096 -06 -07 -91 028 061 037 019
000 069 085 046 -42 053 088 024 043 -89 041 017 056 039 094 094 -47 006 010 006 014 017 022 019 082 097 064 065 045 014 074 033 027 071 019 086 048 050 034 046 094 009 -88 031 018 028 028 090 030 013 036 000 088 020 085 -53 003 -94 020 088 067 017 090 -13 -64 025 023 075 039 035 -69 067 058 059 077 037 -09 086 096 -80 099 019 -69 034 -71 -38 004 029 070 056 087 -96 081 006 092 081 064 058 -54 -37
030 -50 -11 056 053 026 007 032 -75 026 016 001 097 -46 -51 -83 089 078 -65 023 067 079 005 -52 -90 -46 -62 -51 -76 072 073 -50 091 079 080 018 002 066 078 -84 024 -66 -18 091 048 052 011 040 006 021 -40 080 003 -86 095 085 030 093 027 035 080 -67 053 000 010 033 -09 026 029 024 007 -82 027 027 045 049 071 -71 076 043 -29 -58 028 -48 070 095 011 065 052 003 051 -25 059 074 000 080 030 -75 000 044
033 013 -13 047 055 007 016 059 021 074 033 098 -32 066 051 067 -61 070 040 076 -38 068 033 002 -93 083 007 074 090 039 002 005 089 081 095 058 094 001 094 039 019 088 095 040 033 -73 081 037 076 090 -29 -69 044 081 015 082 090 -34 007 054 092 046 085 005 058 054 -22 029 015 015 024 096 029 046 013 011 010 066 030 055 071 000 -04 082 097 078 -31 036 062 058 -63 016 095 014 099 -63 085 -21 089 042
057 -04 065 058 087 092 006 -69 008 007 -41 030 077 -66 041 081 096 085 073 -14 053 065 001 079 036 -75 068 070 005 063 022 -32 067 037 081 091 012 -39 039 024 032 092 -54 012 067 094 046 065 084 007 095 -74 084 086 -81 060 082 053 028 -10 070 060 049 036 039 028 024 021 070 050 013 092 058 039 094 056 -39 048 -32 -90 072 -48 045 062 077 029 023 010 028 -23 082 040 -48 -29 024 076 076 -90 026 023
-20 079 010 038 095 -05 078 -53 059 -29 090 054 093 -77 053 046 -84 035 029 030 048 043 009 011 039 067 047 -35 004 -16 -06 097 097 -56 052 094 073 073 039 039 -01 028 -47 099 087 004 -73 094 079 051 097 -83 -20 -22 053 051 082 029 -39 028 -18 006 071 054 -69 073 038 059 031 087 030 -74 053 069 -30 081 031 071 082 076 045 -18 094 078 -11 005 089 -08 041 -96 002 073 033 -87 061 003 040 039 -12 094
047 -49 023 -58 012 050 071 056 067 007 001 053 063 -64 081 095 011 035 -05 008 008 096 080 018 093 053 -16 078 047 052 -60 043 016 -55 075 -79 024 060 030 053 094 063 017 085 082 071 -65 026 085 061 055 097 096 051 057 024 026 011 041 055 019 001 041 006 040 023 083 085 051 -42 -18 098 044 -67 065 091 099 026 -10 -01 058 034 042 010 034 069 099 023 088 027 025 -50 091 067 045 001 -16 013 032 018
095 -12 036 013 -25 037 -35 097 -56 070 072 089 082 082 052 004 -16 018 046 065 028 037 083 -72 094 052 -88 092 098 -58 077 061 -65 011 036 032 043 058 -26 053 024 049 -84 052 096 071 048 068 088 019 021 053 063 089 056 042 -54 -47 032 098 -85 002 050 035 085 016 080 084 048 089 001 030 059 085 052 063 094 092 044 020 063 -91 010 056 090 039 -39 039 048 -77 095 -01 -46 000 022 046 -40 077 062 065
022 037 096 -88 053 075 054 096 028 071 026 055 057 -68 092 054 -93 -39 068 074 020 032 070 066 019 -92 096 043 -48 -41 030 008 038 092 -84 099 017 049 009 095 033 -13 030 035 058 039 010 010 -99 -10 003 013 014 061 034 002 081 097 084 078 032 095 -24 -35 078 080 -51 027 038 -53 061 070 049 092 057 034 020 063 083 016 030 032 097 009 001 095 -96 020 082 039 -62 017 042 099 037 054 096 032 071 083
-15 076 034 045 057 076 082 066 -14 079 -88 039 042 012 098 -10 031 096 047 011 045 -20 082 095 016 044 -68 099 001 053 075 070 -33 056 082 061 042 072 064 -12 075 023 050 069 022 017 -04 049 -58 -06 031 071 084 032 026 064 083 -19 052 029 021 030 082 008 089 054 098 027 066 -22 085 048 -39 -30 061 038 089 054 -92 095 087 083 047 001 032 075 068 073 053 007 017 083 049 020 063 076 -58 -34 084 021
090 -52 009 000 088 098 068 063 046 082 028 -88 -68 072 034 -40 035 035 053 035 -84 013 -10 -91 -44 074 049 084 025 096 071 -83 -89 077 068 093 023 021 007 079 -81 037 056 008 042 047 043 053 025 -93 043 010 095 -98 034 020 073 001 -28 036 032 096 035 031 044 080 -56 001 007 080 088 078 090 094 062 070 044 044 088 018 002 039 086 089 052 -90 023 030 002 087 -72 032 025 081 048 062 093 -62 021 053
-62 -28 -73 019 064 -91 094 086 026 032 -92 017 -93 -01 069 084 059 089 068 075 062 088 095 043 061 -02 030 081 003 031 086 090 059 099 -91 000 015 015 047 063 074 013 098 -67 002 039 036 -12 059 037 026 -80 051 011 088 001 -02 -67 -77 003 062 005 076 009 -34 034 080 -56 098 -35 081 092 014 076 082 034 081 091 074 060 000 -62 054 -99 072 018 091 098 069 075 004 012 075 083 039 032 -41 024 -67 -45
-79 086 093 001 073 007 -34 -79 -98 078 038 014 079 015 027 019 042 041 045 055 086 082 -52 034 079 073 089 -50 012 002 023 037 093 -75 037 034 099 065 036 -51 068 080 029 093 065 076 099 059 -82 035 042 008 074 050 033 083 090 066 047 -28 038 039 013 013 023 080 082 033 081 050 027 050 092 091 -49 089 066 063 -53 000 030 030 060 -10 012 080 099 087 098 -35 021 081 090 060 036 099 052 052 043 -51
042 058 057 038 091 019 -81 042 060 -45 050 083 077 060 027 061 045 015 -81 003 099 036 069 046 009 043 049 016 062 013 087 -29 031 -21 052 000 004 062 025 055 -11 071 009 -62 045 -80 045 037 099 087 083 -51 012 061 028 -92 015 035 092 052 -38 046 025 075 080 023 014 050 -14 072 063 099 009 036 -28 009 072 031 080 039 -96 038 080 -32 058 034 055 025 034 014 039 010 096 026 002 -54 046 090 -36 039
034 025 -35 068 047 -08 047 008 028 020 099 044 081 018 096 051 034 028 082 081 051 -25 048 -31 -22 017 -33 093 004 -75 -26 047 087 -67 -91 -95 089 010 025 -10 066 095 027 025 098 018 063 -31 023 001 084 036 053 082 -39 083 088 051 034 010 097 092 053 -18 -60 056 017 024 -34 086 019 029 -88 058 -74 042 021 082 045 -96 080 019 040 025 027 037 038 064 046 062 044 081 061 046 004 067 051 048 096 076
035 080 077 -46 064 007 -38 -52 088 061 027 090 060 099 052 017 007 050 027 072 089 012 064 078 007 031 031 056 094 066 077 075 039 093 052 -90 097 -65 016 043 041 078 070 099 -59 068 078 090 001 072 083 059 -23 070 058 069 048 -76 039 011 072 062 -20 -33 -08 055 093 051 070 082 004 -24 041 042 099 067 -32 -88 -27 067 098 034 051 042 014 059 055 014 072 003 072 061 069 004 029 -63 -42 023 047 043
-18 060 021 030 029 -87 049 021 040 032 042 013 040 083 090 054 085 057 035 004 095 016 067 088 089 086 018 -46 011 077 064 071 007 002 -55 033 052 056 060 096 090 045 -49 075 -11 048 -63 000 090 068 068 048 076 099 077 006 -18 -01 002 014 073 038 089 053 088 058 007 -59 025 -24 086 063 080 -04 041 081 055 049 046 089 090 014 041 -15 027 047 040 031 053 081 096 -46 -13 081 093 033 -35 049 -39 033
036 021 082 015 055 -63 086 046 017 -96 051 021 082 058 001 088 -85 -88 -18 -34 068 004 049 087 063 -01 035 022 054 -15 087 097 010 022 084 070 002 027 002 077 -31 -35 -48 088 034 060 -24 082 -99 -36 022 052 054 077 042 -06 022 028 099 036 028 -80 037 007 074 060 -82 054 072 012 045 -72 -59 -20 045 074 049 043 077 -58 045 043 013 080 022 096 000 043 056 036 -25 045 -14 -86 054 -49 050 053 011 077
006 065 021 019 -29 059 054 -35 060 011 057 072 046 093 077 000 034 077 -48 088 074 069 046 009 097 015 053 049 098 061 086 011 -71 051 046 058 068 069 -86 -07 098 011 043 026 -56 072 096 083 -43 083 020 063 052 075 023 021 010 -78 018 066 -71 094 092 000 085 004 -85 -82 -80 -55 020 053 014 042 031 004 035 -34 065 041 048 -86 089 062 094 092 072 030 021 016 -33 030 049 089 055 037 038 077 039 032
069 -68 046 064 001 026 -32 032 073 023 -02 054 015 089 097 025 074 062 096 097 054 035 033 -11 034 069 036 057 077 079 078 050 -48 032 042 034 038 012 089 -64 -38 056 049 019 028 -16 066 -38 043 044 087 063 071 -23 024 063 000 047 090 084 098 -58 010 -74 035 095 031 078 -89 029 043 009 069 019 066 044 -13 003 004 019 -62 018 013 001 096 070 -91 025 096 008 -50 039 007 091 063 067 048 -83 048 083
091 022 035 004 059 005 069 -59 006 046 -68 052 049 007 083 -14 -30 066 069 016 067 082 -34 096 -38 -92 -32 034 070 042 074 038 089 093 025 -34 000 -12 074 044 024 097 068 085 080 -91 -01 080 -10 052 025 -56 019 084 -62 062 -08 -33 -17 -29 052 -11 035 -37 009 006 045 037 090 -45 062 002 084 -62 085 014 001 -63 077 031 045 067 -95 047 087 024 095 052 071 016 005 019 -88 093 090 000 045 093 063 086
-70 051 047 053 062 027 085 089 027 077 067 082 005 082 009 -44 -92 008 099 049 045 075 -89 096 -79 041 041 045 041 069 094 -45 020 043 018 -76 -12 017 061 002 012 -41 080 -37 035 -95 065 -29 039 014 067 017 069 093 009 094 064 012 089 -45 047 093 036 025 024 -73 047 034 093 033 029 017 023 -62 013 002 069 -64 015 084 074 088 066 032 097 015 082 069 -46 050 050 -61 -33 -96 -99 021 -56 019 055 000
089 016 057 045 -64 047 068 010 094 051 -29 090 005 -68 093 095 070 053 010 063 020 072 020 081 053 015 004 085 028 035 034 066 048 024 038 093 023 067 081 071 060 083 037 -82 030 061 061 011 081 -90 001 054 034 009 -69 032 -20 055 058 -47 042 049 091 092 -80 -42 087 052 024 015 036 057 019 099 093 037 082 -10 -38 082 027 014 -29 033 025 045 086 037 094 049 -53 054 078 011 000 030 006 086 -42 046
070 090 -08 093 -51 014 009 034 025 018 070 068 057 053 040 -78 070 029 049 051 036 -40 068 069 001 076 024 068 -78 -64 080 005 -80 080 010 042 016 091 027 061 022 043 059 095 031 035 025 065 027 008 075 099 051 -93 077 020 034 037 008 028 -09 065 017 039 072 086 -41 089 048 059 086 006 -97 007 003 087 057 -16 036 -32 019 -63 017 051 030 -34 -32 083 -24 007 016 059 098 011 007 063 046 047 -22 044
-66 087 031 000 072 -86 057 070 095 014 029 071 -73 093 087 062 005 039 -30 073 009 046 071 062 061 020 085 045 077 064 026 020 042 045 -49 084 019 011 085 098 027 053 088 063 010 067 086 -33 040 007 036 053 098 014 016 009 022 083 044 070 047 010 -70 -16 081 046 029 065 078 099 079 083 006 090 065 015 049 017 034 -25 037 007 -16 076 041 077 070 041 021 032 -95 -59 -78 017 025 012 -71 045 037 096
092 -23 044 -65 051 -55 -94 057 081 055 051 047 083 046 -53 049 036 012 041 017 026 042 055 025 038 -94 040 093 055 020 000 060 094 016 -51 072 -60 023 086 003 064 085 084 099 -14 004 006 093 037 019 -52 083 014 034 067 -72 012 -38 013 037 071 044 028 066 -96 012 056 088 083 035 -75 -16 061 086 002 000 054 037 098 062 019 043 082 080 069 062 071 002 067 045 -50 -77 094 039 027 072 063 020 065 055
067 025 024 025 010 071 -32 078 031 052 075 092 086 078 007 099 075 003 045 017 064 020 055 -52 089 053 034 051 085 090 072 015 093 075 034 -83 012 047 -76 033 072 063 045 078 -46 039 007 016 -72 062 060 094 066 079 -72 -71 026 034 005 072 097 088 080 093 086 -35 093 -51 098 057 074 065 -97 -54 005 008 076 044 094 047 013 047 083 063 028 -79 -12 036 -97 071 -56 013 -62 063 045 017 094 021 092 028
010 072 009 070 -19 084 001 018 -18 031 099 084 081 070 019 084 -67 -46 047 063 -06 076 044 059 086 077 067 000 078 -72 -33 087 042 -21 030 032 087 022 002 068 096 059 003 083 030 056 051 076 027 -26 067 052 059 -27 -47 041 066 -15 043 083 067 030 036 016 093 082 064 018 016 080 094 -83 096 006 004 059 049 -55 006 088 040 028 001 048 015 033 067 078 041 079 074 053 084 055 062 058 026 -33 001 045
091 061 021 037 095 -63 076 058 086 095 067 074 059 032 094 093 -66 057 004 088 -94 -21 083 -98 -29 082 084 050 068 062 021 -45 084 -58 049 030 006 064 -19 -08 028 -23 050 -10 -18 010 042 057 -10 044 035 072 -86 022 050 -89 -09 022 074 -68 025 053 064 009 -98 006 -39 091 -95 092 042 054 050 067 016 062 041 081 087 -30 051 047 096 -90 068 077 015 038 098 092 091 028 039 087 076 -19 097 033 094 016
-07 -88 050 068 046 095 024 098 010 042 062 -50 -44 095 056 069 003 -57 065 095 090 -76 072 028 089 054 056 080 065 009 071 097 035 008 -08 050 092 -18 043 060 046 -74 -87 -47 071 018 087 017 -45 096 -47 -81 -22 -60 006 090 094 014 065 052 061 077 029 024 066 097 036 -38 -48 -23 033 060 069 085 -71 010 097 017 -98 099 097 015 -16 018 057 000 040 007 -13 065 006 051 046 003 032 051 -24 046 054 062
047 090 067 058 065 -47 -80 039 035 091 044 042 -65 -12 017 089 050 007 019 077 087 093 018 064 053 067 051 -49 024 -82 011 058 090 038 066 091 063 005 047 030 074 062 007 -50 019 059 -82 -42 047 047 026 -21 061 049 041 -22 076 039 072 077 047 011 066 092 042 013 -21 079 086 -94 066 -39 042 -86 048 065 031 -17 -46 053 -67 037 077 071 022 045 -56 043 061 020 018 081 019 085 035 036 047 -49 010 023
015 025 -27 008 -30 -66 -78 009 078 055 080 020 076 017 028 027 044 -02 060 033 013 065 001 071 098 071 -24 -95 090 -75 078 -41 049 063 020 055 091 027 000 075 013 019 018 092 009 034 026 009 069 004 -93 067 035 089 052 075 046 -06 082 035 078 021 -31 065 095 010 026 071 080 026 072 026 067 089 -74 083 009 045 077 -60 011 095 012 075 004 059 -92 020 032 001 080 015 070 082 070 088 -97 027 004 001
074 028 049 003 069 092 001 -88 -01 060 010 017 098 028 043 007 074 063 068 -33 -79 019 -54 -15 044 -66 021 067 096 060 -07 035 011 -95 027 038 093 073 061 076 015 052 002 057 090 012 -10 042 071 -89 045 -94 069 029 057 021 034 089 072 -49 005 050 074 -52 -12 012 004 051 -31 040 028 037 041 093 096 -04 046 078 038 029 001 034 057 067 042 042 095 029 048 025 003 -44 -04 006 069 071 070 032 -29 036
078 081 -77 059 053 -93 076 033 055 030 042 014 -96 004 -18 046 032 077 -96 015 096 045 059 -28 036 013 059 012 004 -24 086 017 056 088 084 092 042 052 012 065 032 012 038 073 004 090 -48 028 060 028 033 066 037 000 -54 059 064 057 034 036 067 086 068 -81 013 -16 034 -18 068 048 058 016 -12 080 -65 076 041 077 -43 -20 023 067 -07 095 -10 084 -93 029 060 090 053 024 045 -16 002 -19 062 016 -99 047
-45 051 088 029 076 095 084 081 077 089 040 011 035 098 028 008 017 -45 094 072 026 047 051 064 008 033 072 071 078 094 -66 -71 082 -75 035 031 036 023 013 004 074 -26 074 083 -31 087 038 066 008 047 028 021 013 044 025 024 043 062 054 033 -98 006 037 087 -77 -29 082 052 -22 -25 083 064 -01 034 057 035 026 014 007 085 078 041 046 039 085 053 096 058 048 022 -18 095 061 098 -84 017 075 043 073 -03
089 088 080 039 008 -82 090 062 010 078 053 069 019 041 063 -24 030 -86 087 -79 -33 -75 015 037 051 -82 018 -43 -02 034 068 056 014 006 001 024 -44 007 067 -07 088 050 053 -27 079 006 036 058 -48 055 001 096 006 079 064 -73 065 076 013 032 045 034 077 043 062 096 014 -27 039 077 054 001 014 076 -50 053 058 069 029 027 -44 -27 -91 048 010 048 063 098 078 063 -11 -52 074 062 004 033 054 048 041 -57
004 039 -24 013 017 017 -94 -45 054 060 004 087 083 021 034 059 005 058 -17 046 025 057 -34 055 024 091 -59 098 009 -94 095 000 015 082 -60 090 073 055 099 077 014 099 079 067 013 022 098 005 027 056 022 074 083 079 077 032 088 006 -82 084 -46 085 020 018 042 011 004 012 061 047 -78 050 096 -65 017 -73 002 027 -27 -13 -87 008 065 073 099 000 064 020 -43 -54 045 -76 004 061 015 -88 014 045 090 045
089 098 030 -87 065 002 -92 -08 096 061 056 034 092 014 026 -47 077 035 018 008 043 -39 006 -58 059 071 071 031 060 042 069 091 -90 031 091 -28 055 086 047 027 055 -07 099 054 089 008 018 -43 -31 072 052 -05 089 094 096 -45 033 018 013 060 013 092 089 061 080 -54 036 045 082 -01 040 084 064 094 -73 -78 -89 011 -04 068 -37 041 075 025 031 007 -96 -65 032 -42 089 042 078 067 065 050 065 -37 014 093
073 097 059 019 011 098 089 054 057 032 073 072 006 -24 060 044 064 -88 050 091 051 003 -58 -62 -48 -40 042 009 060 081 014 -30 -03 095 096 088 010 -91 055 -03 066 030 066 047 084 068 035 -52 055 021 094 041 023 -52 039 018 -01 058 009 -74 -49 -28 085 062 048 -95 038 000 043 -53 -91 058 -90 024 030 068 074 071 075 005 034 012 018 088 -36 060 007 033 097 -41 078 055 -17 037 032 067 034 068 015 006
082 -65 020 083 -84 027 018 -07 091 086 089 009 -87 -92 024 060 005 062 002 066 087 -08 -29 044 -71 -73 097 051 097 049 051 055 075 073 059 041 065 024 008 085 083 -62 041 019 085 089 016 088 043 011 014 021 016 006 016 -04 045 027 -18 002 -35 099 -24 091 042 -87 048 018 095 029 098 029 060 078 018 -26 045 081 043 038 009 096 030 017 087 087 061 035 034 094 085 020 016 089 028 080 056 011 003 097
099 091 012 029 -04 097 054 054 -62 -80 027 008 098 045 035 066 014 037 012 -05 076 009 011 052 -16 056 071 086 -40 004 -41 -17 055 034 013 041 072 082 053 -90 001 -69 -83 -64 078 039 074 085 042 003 060 056 094 028 -64 -86 044 055 051 090 044 -64 001 086 077 043 -71 082 050 047 065 046 065 046 046 047 053 059 001 063 011 076 025 066 -50 053 008 069 036 -34 019 096 -03 090 062 029 019 066 007 023
017 059 017 051 086 021 000 -97 089 034 076 040 001 -33 016 075 089 -54 -61 006 010 022 051 012 046 096 050 -06 021 079 010 -68 012 080 069 078 096 -58 004 067 006 078 -43 002 068 081 018 036 043 056 -56 067 -70 007 -96 000 070 053 032 090 029 061 095 002 081 030 005 045 -41 079 075 045 096 062 006 089 082 018 021 027 041 056 -22 081 -66 092 077 010 019 048 033 039 049 086 088 002 019 007 002 -12
015 072 063 053 -68 040 075 -79 016 021 031 095 073 015 062 -98 061 045 -88 064 002 077 -28 019 061 -73 040 031 045 071 062 -44 086 034 -60 031 041 059 -90 050 075 052 007 049 -67 038 074 067 -28 040 035 062 016 030 -81 040 094 -82 057 049 -43 078 096 -78 036 058 040 -37 -30 008 028 000 062 001 041 096 053 072 015 -43 -06 091 072 -36 -08 061 041 050 -64 055 025 077 049 -56 093 075 003 087 033 -75
088 090 081 081 027 088 065 051 000 061 081 006 -98 084 068 024 038 069 057 024 -39 040 040 -39 -26 026 076 069 004 009 007 059 002 055 083 008 083 057 077 -68 026 015 089 -49 035 062 068 -87 019 013 083 081 014 -10 000 003 038 020 001 -25 075 031 058 025 079 095 053 073 059 -66 071 036 078 -10 031 -22 -80 095 -98 031 053 -42 -54 042 071 -53 -47 053 022 014 -80 095 -55 046 006 038 -42 -33 027 042
072 033 049 065 088 039 039 048 074 056 040 005 -35 053 -87 067 001 078 072 012 -66 021 004 013 -92 063 041 079 -71 036 084 042 -17 036 074 024 -27 030 023 -14 019 076 087 -07 074 052 -22 040 065 086 -50 079 030 014 071 057 069 039 018 007 -74 026 005 034 060 091 019 001 -43 083 -81 070 083 096 061 -87 -89 049 011 021 063 -84 011 076 052 089 099 085 030 057 095 009 030 094 011 049 076 035 027 007
-69 087 051 089 097 092 096 084 035 073 087 008 079 054 006 -32 067 023 005 049 099 -28 069 052 068 026 024 021 051 015 040 -43 090 030 -56 047 -31 023 -99 065 -37 038 028 034 -47 010 078 012 057 010 -97 -88 -26 041 072 012 041 069 055 -17 094 -67 020 065 058 -70 000 073 006 080 091 054 035 -34 -71 099 -61 -79 078 032 069 -70 070 033 077 055 -51 099 -82 028 -50 -17 094 020 048 098 -84 045 089 087
066 038 029 089 064 055 051 087 -36 034 -62 065 076 069 096 027 -74 031 017 -70 065 059 028 046 -05 -56 -73 -28 017 001 031 -73 014 013 083 058 058 026 079 046 049 041 072 -55 083 098 090 070 -83 076 013 039 058 -75 -99 -09 -16 015 -44 000 056 033 084 084 025 087 064 023 055 043 -45 044 022 018 024 088 -91 066 002 -97 015 -78 060 047 013 062 -77 029 000 003 -32 032 085 072 087 043 009 008 006 066
082 090 001 078 070 010 049 083 056 -34 070 -27 074 -09 018 069 -82 096 025 082 077 -10 021 060 013 097 063 065 036 068 076 005 025 007 004 029 027 -65 039 033 080 031 098 -52 -18 -31 046 011 062 089 027 000 068 049 -91 088 -73 091 083 025 051 -93 023 -25 -07 024 063 068 -34 016 031 084 068 067 062 027 -36 098 071 014 035 005 044 -62 056 -13 046 094 064 088 053 -17 036 016 013 016 018 007 -08 -57
019 054 095 -61 009 052 066 022 010 048 020 -68 083 -08 074 068 070 050 011 039 061 067 021 018 042 045 089 098 -99 053 037 -17 049 -75 074 087 034 040 042 028 033 088 054 074 013 -60 016 -74 -01 052 054 018 002 086 023 057 047 082 098 094 028 076 072 010 007 093 058 -62 -84 098 024 068 089 071 003 039 076 -17 051 099 055 002 -88 081 061 091 -40 009 002 069 090 036 026 025 009 -24 020 -61 050 008
008 047 -16 014 074 034 041 028 -18 075 -69 074 054 017 -12 -60 060 -03 010 022 085 003 013 039 029 075 066 -70 024 035 067 078 -67 037 041 007 097 007 068 -61 088 079 064 035 -91 010 028 064 094 035 028 043 055 094 -55 -42 014 030 065 -28 053 095 023 018 050 -50 -25 096 -88 067 -41 074 079 029 -21 013 017 054 021 032 036 051 018 011 022 -77 095 -29 034 -68 -35 069 067 013 -40 055 045 090 075 072
007 -29 046 -92 -49 036 068 -54 014 045 003 025 089 023 038 046 027 019 055 065 078 007 091 008 074 -03 053 -31 086 044 077 074 002 035 041 054 082 -71 055 003 005 019 028 066 -15 -32 009 005 083 -19 030 045 059 000 088 080 010 030 098 083 028 003 031 054 036 006 048 -23 033 031 064 051 035 079 072 -28 -95 032 -36 -67 089 014 058 -23 099 -09 -07 -17 084 076 095 -43 052 090 042 042 079 018 077 041
098 079 027 010 058 016 -03 -96 067 036 072 021 074 054 009 -85 055 041 051 054 -73 026 066 069 -87 042 -85 074 042 089 074 -38 -51 084 -63 045 -42 021 024 076 004 068 030 058 056 -41 099 -45 011 097 011 005 064 059 -27 038 032 092 042 030 046 020 060 043 022 -56 090 -87 -98 031 -70 099 -61 046 -08 -99 060 052 006 056 078 003 024 014 031 017 -70 040 057 015 022 -79 074 097 021 -39 093 007 011 057
073 000 089 073 067 -92 010 -10 015 -08 045 065 080 074 077 099 025 044 045 058 049 093 -37 093 -98 023 000 039 -86 063 048 009 025 086 001 017 052 095 037 066 086 068 091 099 -79 022 037 087 094 088 060 -13 027 -06 043 -39 054 -96 099 098 -65 075 011 094 -05 -51 029 -59 033 -02 062 094 087 065 072 038 046 -35 064 -85 044 012 010 015 062 049 067 050 047 060 -69 064 052 065 010 018 016 058 062 037
016 004 010 056 -77 077 016 -06 015 018 065 087 -54 092 089 089 024 -59 043 030 073 033 062 020 091 020 029 016 064 017 029 055 037 031 022 096 -69 008 046 045 071 080 093 039 -25 038 077 -66 025 029 059 064 077 087 017 085 027 040 -85 010 013 081 006 068 093 095 067 011 055 -30 093 087 -30 065 012 043 072 038 030 035 014 -31 033 017 -38 -31 -08 -62 049 060 -22 010 097 -56 092 000 074 054 065 -56
025 016 017 082 048 061 -63 -05 -50 -83 062 092 031 079 089 005 012 009 074 061 055 -72 -01 027 064 049 -66 -44 043 019 -95 095 086 -87 -84 045 047 051 097 006 041 044 -42 -35 056 046 -49 019 075 -13 -14 026 089 008 055 082 078 -28 072 031 -35 030 056 052 034 074 072 087 052 060 037 047 043 033 -76 018 057 031 -22 079 093 039 005 020 -16 078 001 061 009 068 -64 006 021 033 -27 007 023 044 -45 072
-30 -90 022 052 014 092 -49 -07 -16 041 046 -47 025 -80 040 065 000 024 018 094 -44 086 085 023 -29 022 084 027 -84 029 002 -77 045 066 025 078 036 037 028 065 -63 050 056 044 072 022 046 093 010 -30 002 096 012 -31 016 -33 068 002 062 -38 073 033 039 -27 053 034 -55 070 072 069 066 035 -47 070 044 069 094 026 003 030 040 004 053 -54 007 047 025 096 064 093 077 -47 -98 017 059 078 -56 006 024 006
-40 051 047 065 010 049 035 -08 013 099 031 092 033 096 -08 082 083 -50 073 019 -03 086 016 094 052 064 043 030 046 069 012 088 025 008 -51 060 017 -90 007 098 087 082 003 033 -07 047 071 072 009 058 047 010 -56 000 097 072 -22 020 092 069 057 021 047 019 081 099 097 058 092 -18 060 095 010 053 019 070 055 -94 046 099 063 066 068 043 072 006 -36 074 050 002 067 013 024 078 087 010 072 076 -47 075
085 045 -99 -80 037 019 046 -85 -07 010 048 -24 046 039 048 036 014 099 093 099 058 058 -40 -45 055 087 003 061 -53 098 030 096 080 -33 047 060 -98 002 016 070 003 -55 052 050 035 070 010 001 -46 037 070 090 -15 010 024 094 003 065 -68 055 075 097 020 071 030 079 075 007 035 080 079 094 027 050 081 -52 022 -26 007 047 -66 032 062 042 096 006 050 083 085 044 037 036 071 010 014 -71 020 078 018 076
028 092 064 -97 027 082 -30 051 054 043 096 044 004 052 047 081 046 033 084 013 -98 070 -10 -22 028 -71 040 081 018 098 028 008 078 069 062 014 063 037 048 023 -04 098 -35 090 011 -25 -03 024 071 -60 -44 083 034 098 -73 004 085 016 001 066 073 -02 -51 -68 019 013 019 080 -96 -16 092 062 -81 076 068 054 046 045 081 001 066 084 049 088 065 073 017 059 091 043 000 059 041 036 093 005 049 016 013 -20
068 095 053 084 002 039 007 077 028 066 -27 007 038 089 092 069 086 -53 064 084 074 064 042 048 -58 076 010 063 010 014 065 089 018 083 044 -45 080 033 081 062 050 037 056 -14 040 006 097 026 056 072 062 011 -70 029 037 027 023 066 058 024 044 089 -09 -92 013 038 043 -69 085 017 060 -27 038 026 011 -35 052 001 -14 070 011 073 092 -16 039 070 075 -21 -64 081 060 091 022 058 053 043 070 007 083 094
-95 050 -84 070 -12 010 079 017 062 051 084 016 041 080 010 064 068 -70 029 -87 081 018 035 096 -91 084 028 041 079 -96 016 020 088 052 081 056 -82 003 -57 024 081 073 070 009 099 064 008 008 080 077 024 -75 096 013 -76 005 -19 013 066 037 062 031 005 013 -82 005 001 028 056 062 098 057 034 074 044 023 056 017 076 098 067 083 042 093 009 030 042 -21 -10 022 007 011 065 060 012 -35 039 096 061 020
051 085 -96 -66 -27 -21 -81 053 055 045 042 007 004 -91 087 -55 013 -32 031 -38 089 029 029 077 066 044 054 072 052 041 075 -13 036 -43 050 023 -46 051 014 -47 032 -56 -18 004 062 017 -89 024 007 -56 036 007 048 039 053 -38 002 050 084 045 045 -89 -91 090 067 006 031 059 059 024 -70 020 083 040 -40 047 063 004 -66 059 029 078 058 042 -91 035 059 021 098 065 074 049 092 042 049 048 089 048 056 -37
077 075 023 076 048 096 019 -51 091 084 037 -07 005 084 038 010 007 -85 087 044 -36 005 -41 096 -60 022 097 041 060 001 -18 082 009 010 056 021 088 085 072 048 038 010 094 -98 -01 040 039 041 -64 -60 -61 080 003 029 -87 000 008 032 052 074 051 056 093 -26 000 086 089 054 042 -67 038 081 045 067 026 026 010 093 029 -22 014 022 025 018 002 091 066 091 035 017 027 086 -30 067 -68 047 080 -12 055 -92
-39 011 067 061 031 071 022 075 047 023 026 060 -93 032 067 078 014 084 052 -75 026 041 061 -83 000 099 -11 -29 -20 002 019 086 -98 022 093 004 -28 005 064 089 072 024 001 062 010 -23 052 -65 -61 083 085 031 004 -59 046 -11 093 075 002 011 019 073 -35 018 091 039 017 -70 037 003 011 -94 086 034 004 092 004 064 -38 -38 020 012 -21 051 092 047 080 078 042 063 038 096 075 073 -61 098 046 060 -38 002
043 012 -32 058 062 000 041 077 017 099 090 061 -10 037 050 028 068 019 -79 074 -43 091 048 -40 027 023 009 004 086 037 099 049 -58 083 -90 075 -43 033 098 077 081 -18 007 064 027 -71 049 069 -05 016 029 -42 -54 055 -55 080 -63 049 095 022 096 -47 085 070 068 095 052 017 -18 040 099 -24 010 038 076 030 -27 014 029 018 031 013 010 065 085 059 057 001 083 026 035 058 -54 035 080 -94 071 054 071 080
022 018 066 065 052 051 040 001 045 051 044 -29 024 062 074 -80 063 009 062 016 030 070 021 -96 -30 019 004 -52 -70 -93 038 -30 013 016 039 092 026 064 017 072 045 076 033 081 -73 040 011 -21 003 065 093 -41 070 011 085 093 -06 057 061 066 073 075 -52 055 006 015 079 093 002 -58 -27 051 091 011 069 026 006 -78 023 079 010 -36 030 080 003 026 036 -11 052 052 -09 -66 044 -84 088 084 037 031 098 -47
034 -18 008 028 044 097 073 089 036 007 040 093 049 085 014 058 -06 069 063 -06 079 000 065 030 -14 098 071 040 080 000 058 054 051 084 041 -77 -86 084 002 059 078 082 086 097 032 -25 019 000 091 -21 001 040 077 -14 008 019 089 068 033 006 070 080 081 080 000 059 018 040 053 052 -63 099 076 041 010 066 022 052 094 034 005 053 037 058 068 029 -21 048 095 084 034 009 027 -88 021 -98 033 070 068 024
061 099 013 096 095 038 080 023 047 -21 -57 060 066 079 060 056 -48 092 -90 017 096 027 060 039 035 070 039 062 -16 014 009 051 066 089 076 091 059 080 -22 040 044 -10 083 036 040 050 060 079 061 -52 070 003 -64 011 -47 064 -07 059 008 034 027 001 018 025 072 015 002 003 060 023 068 036 007 019 043 -80 031 019 025 084 050 024 071 030 069 026 070 -11 018 -40 048 004 048 -84 032 063 022 056 089 078
-57 040 042 -82 068 026 078 016 -43 004 075 007 080 062 049 -94 001 049 032 049 002 023 042 054 044 015 -11 050 -12 015 055 025 030 -51 078 -70 090 017 031 028 066 059 097 088 -60 049 072 014 070 019 038 002 025 092 051 047 094 -25 022 024 040 -35 081 -22 063 -40 082 -43 082 -86 044 022 -71 039 007 064 -76 -63 066 023 042 023 033 075 -38 -49 081 032 -42 031 063 -61 085 024 -38 043 039 002 059 095
011 061 073 096 079 067 -01 086 098 096 089 046 -33 080 016 006 069 017 080 043 -79 064 023 091 098 -80 026 -35 066 045 050 077 070 059 071 054 022 048 036 005 099 -36 033 072 092 -10 028 052 027 064 039 027 -96 017 011 038 087 -97 060 035 -46 072 089 060 -19 077 004 028 -93 098 -96 007 037 099 027 000 -96 040 076 -22 095 099 -59 052 093 066 053 044 043 067 098 021 084 049 085 -51 071 052 -80 053
055 019 050 -15 001 017 000 045 032 060 033 -28 004 030 058 078 -03 013 003 091 029 069 022 088 002 005 046 013 014 002 049 097 027 046 039 066 098 037 025 023 079 084 044 045 061 032 020 032 014 018 -85 000 016 032 -13 053 054 093 -48 053 015 -19 091 -08 070 046 093 045 055 038 040 070 008 086 -11 -75 -43 026 099 086 060 033 006 009 098 032 080 000 086 043 -25 071 079 036 075 098 091 095 032 083
015 004 075 097 080 012 080 029 079 038 058 063 073 041 060 080 026 061 050 024 094 005 033 089 079 015 023 097 051 024 021 -31 011 064 -73 075 050 058 037 023 -80 086 079 -90 049 -65 090 028 045 042 -50 036 053 041 091 038 027 014 083 013 040 -89 045 015 028 021 083 015 084 -40 022 -47 052 049 094 -79 -08 030 085 017 059 089 005 015 086 007 069 -93 097 -98 014 098 010 072 085 094 040 083 074 038
059 063 -97 026 -04 027 080 071 058 005 -27 088 088 008 023 032 074 -22 085 075 020 077 -14 001 060 -71 015 -88 037 032 -59 -83 079 061 064 -25 014 073 051 001 029 097 030 072 -90 018 068 -66 -82 059 -63 041 005 067 012 017 048 059 -98 082 040 004 081 064 010 091 079 021 074 -04 -09 064 034 042 051 060 013 -98 002 093 058 077 005 099 071 -82 079 002 016 059 011 052 064 010 051 037 066 041 077 015
044 050 019 088 075 009 015 087 040 097 081 060 027 008 004 -65 084 020 073 022 032 002 049 076 068 063 032 057 -61 035 034 -30 089 023 084 034 055 -93 010 072 052 037 067 073 -54 051 031 063 -23 046 -79 004 028 078 073 051 010 066 030 071 008 -57 075 069 004 010 073 001 084 048 009 039 049 -42 025 003 -46 -72 078 009 093 094 049 002 076 -53 096 -91 038 -57 023 -21 000 045 020 000 026 075 065 071
025 086 066 068 065 070 078 053 006 -89 002 014 071 057 -74 072 092 075 064 009 071 -87 -15 -36 078 086 -57 032 055 -76 013 016 082 027 059 038 -09 065 061 071 -15 018 -06 009 091 089 078 -08 020 099 030 -83 028 085 086 080 -22 037 012 029 079 069 039 027 097 099 082 084 088 059 093 082 029 063 032 043 056 081 024 074 015 -18 086 036 033 031 092 -09 053 -40 026 086 067 008 048 034 038 037 062 003
075 012 033 065 070 -80 008 033 032 073 030 -13 061 036 083 -79 033 039 -24 -03 087 077 096 078 052 006 084 061 063 017 040 -08 -46 047 011 021 027 -94 -22 -44 046 062 030 067 067 016 045 001 029 068 054 079 089 007 004 010 020 078 070 029 062 089 -29 065 041 029 024 005 060 074 040 085 -83 073 019 -22 062 021 042 -98 023 060 -89 081 -78 012 043 003 099 070 015 007 -28 006 002 054 -45 028 -81 049
-10 071 086 -69 -96 008 041 076 003 071 025 -80 077 033 039 036 027 -30 -67 094 -70 053 080 -30 016 043 000 034 082 044 086 063 063 085 008 020 077 030 034 079 002 052 -89 058 088 026 053 -80 090 043 029 014 073 -09 -72 061 -60 081 011 085 076 -38 059 068 016 054 054 -47 076 093 021 055 061 -85 088 -79 028 034 012 -27 029 090 021 -42 -11 096 069 043 053 092 -13 031 001 -88 033 088 063 083 045 076
098 014 019 044 037 029 -93 085 004 062 021 -49 -64 098 066 061 086 020 038 064 -31 091 008 051 -33 083 074 001 079 047 086 022 059 034 -88 028 053 015 026 026 -91 082 040 082 029 074 041 -75 -13 -23 032 061 000 073 -65 038 082 004 007 -33 027 -01 085 061 057 079 083 -11 008 034 016 -91 034 003 091 035 003 -05 -67 075 012 -69 056 029 047 034 059 036 042 061 096 -33 003 038 023 095 086 -27 006 032
-83 097 -26 -52 049 066 030 019 023 068 -10 -27 012 022 075 031 007 090 075 038 017 060 021 097 041 053 034 069 092 -11 -29 -07 016 082 074 -18 024 -97 001 096 027 -67 069 095 087 012 -64 -42 042 089 090 027 035 051 060 049 -36 -12 -52 088 053 078 056 013 086 079 074 054 090 029 075 -31 084 001 033 014 011 092 035 072 045 074 012 029 -13 040 000 020 045 065 075 074 049 092 049 -36 097 002 048 -16
025 003 000 018 082 038 009 -44 016 015 030 023 049 051 038 050 039 007 010 039 039 072 -19 044 -97 048 036 088 062 006 062 041 -98 010 082 097 -72 026 -93 093 080 016 040 048 -69 033 090 036 -24 -86 -11 088 -29 -30 015 026 059 -04 047 089 090 -79 056 -97 045 022 -44 052 006 008 023 094 070 052 -10 -47 019 028 096 099 038 050 -37 061 036 064 001 023 030 -26 097 012 022 007 -70 -30 -52 094 006 000
-86 025 055 -35 011 030 039 045 061 039 -64 082 -58 043 070 055 024 072 010 050 -11 050 088 -08 061 063 074 029 007 040 -01 068 007 084 078 094 -88 060 -50 -93 073 050 035 -52 032 074 026 027 018 014 -59 083 001 080 069 002 045 022 081 -49 042 -61 084 046 059 030 058 023 065 023 038 094 022 -34 036 066 020 -39 -15 025 053 -23 009 -96 002 044 050 041 088 098 -17 025 -59 001 -68 040 010 -35 048 070
040 047 081 069 038 016 038 -60 004 063 081 017 068 034 -23 023 097 091 031 063 045 -69 099 048 009 039 091 015 098 029 076 033 -64 -62 022 068 -83 031 078 -79 036 050 020 088 002 020 028 090 026 -50 -60 018 -80 090 -63 -43 072 093 066 054 039 040 047 041 000 036 077 035 022 012 088 004 057 045 046 034 019 020 000 051 -49 074 093 010 028 072 -90 076 078 068 019 -56 070 061 040 046 021 035 007 067
029 -87 -99 033 099 053 -23 -05 -34 058 098 007 009 003 053 099 013 037 -52 -36 -38 055 044 032 071 098 058 052 -02 -62 085 035 039 046 -87 071 096 035 058 -63 -16 089 097 -93 -09 -10 012 076 017 -89 -20 012 001 -76 027 022 087 002 012 065 057 008 003 093 -62 041 -48 049 -06 091 038 -24 079 009 041 -25 064 075 026 032 -17 041 -51 066 039 029 -89 048 010 -10 038 -56 099 084 009 027 -52 080 073 058
023 015 -40 -43 -33 068 045 049 089 019 061 082 032 032 056 032 046 -40 065 081 093 050 016 -71 096 071 032 054 063 063 080 002 -07 093 049 056 094 -32 025 059 071 017 025 087 -80 072 -59 041 042 015 035 093 030 093 006 -08 081 -27 093 -97 023 055 056 021 036 040 074 099 099 041 091 016 000 003 035 -97 045 040 -92 -55 086 084 063 021 012 012 -36 042 018 065 020 -11 000 056 086 -98 023 097 096 -07
038 039 095 099 067 041 079 -64 087 035 046 084 -64 008 -35 -55 075 056 084 070 026 099 025 093 054 031 -34 -95 091 -38 066 -26 040 -40 091 065 065 044 012 028 030 -65 070 058 084 030 009 086 040 039 027 096 -54 078 098 038 011 059 072 047 065 023 074 -91 062 004 -46 097 065 -90 094 031 -73 018 097 -99 002 014 056 055 040 088 -62 026 046 015 -72 003 049 023 -50 095 013 049 -71 012 029 000 080 015
008 065 083 059 071 -90 017 056 090 057 028 080 016 021 096 049 090 086 060 007 041 012 088 078 052 066 011 003 037 027 055 079 065 046 081 011 036 089 069 035 034 021 087 054 001 -58 -97 056 -48 -41 026 087 049 019 -34 016 085 044 050 053 046 086 -47 089 054 059 -22 043 037 038 -09 033 000 061 019 069 013 023 -92 001 -11 -06 024 054 030 035 061 088 088 085 062 023 036 069 046 043 -06 087 -99 089
-02 046 069 001 042 004 048 038 085 -71 059 089 076 -19 084 019 027 095 088 053 063 037 078 086 079 093 041 -15 -63 053 034 094 047 032 060 -38 066 -73 049 080 052 -45 018 061 082 028 005 069 -97 046 056 004 048 043 052 -03 077 024 078 068 058 027 -02 -65 000 026 045 047 010 -34 026 -76 -96 088 076 050 018 -45 027 006 098 017 092 028 084 030 035 023 018 036 -19 -32 055 -42 084 022 -52 036 -95 021
043 -79 094 090 089 -36 -17 -46 010 000 011 013 006 011 043 090 014 005 072 036 085 033 053 026 000 039 048 006 -96 086 023 075 076 061 069 057 004 026 081 076 028 008 -10 030 054 052 071 -06 018 008 041 -40 -03 011 018 096 031 034 -79 -29 088 -03 -64 060 055 019 096 087 027 -64 035 064 029 061 082 001 068 -26 055 015 -39 065 -85 003 099 -58 -03 088 020 067 070 063 046 046 092 050 011 091 -96 035
066 -66 027 023 014 044 008 050 -23 067 070 027 007 046 056 026 058 073 -19 067 061 097 092 043 015 059 009 063 -17 -40 000 -17 -50 029 046 068 -50 084 043 031 072 054 062 001 001 029 055 062 -29 -06 047 072 065 037 -10 090 021 -50 -18 093 024 036 091 -07 092 009 065 -60 -39 090 088 087 066 054 067 -46 085 077 086 098 043 090 008 -44 022 047 -49 -21 088 059 088 079 045 006 081 085 -13 -02 091 041
024 -69 006 -68 027 043 030 006 065 080 015 011 -82 063 061 028 -25 066 -20 043 072 -64 066 042 -33 085 -64 036 064 053 055 004 057 048 045 000 -50 079 -03 030 018 029 024 096 006 033 015 099 069 057 048 073 043 027 050 069 045 079 -84 083 082 020 074 029 069 -30 027 025 068 082 064 096 089 -97 -45 061 035 027 058 049 029 019 -44 086 066 036 036 049 080 055 049 097 003 036 083 008 009 -22 046 070
055 095 014 042 086 044 046 022 039 066 091 047 040 -83 099 008 036 016 091 -98 095 -42 048 -09 -06 095 093 080 019 042 007 079 046 029 073 060 072 040 017 013 -31 086 062 079 070 035 054 006 037 025 096 083 078 085 088 050 086 056 041 048 072 025 -35 039 046 080 059 012 051 -54 016 -76 081 099 027 047 091 -17 -98 090 053 087 -31 038 098 -19 098 030 014 064 058 -46 -42 012 -63 007 033 039 056 073
-95 059 013 084 -01 078 004 -74 020 037 063 046 095 015 -70 091 024 088 -93 -80 089 043 043 013 -21 000 086 002 051 -98 -86 -79 084 058 083 045 081 017 048 085 031 043 008 057 068 015 088 033 018 050 069 026 090 052 089 049 097 017 -16 058 019 094 009 095 033 -07 078 084 096 071 026 090 018 028 -11 082 083 008 095 054 065 064 033 -79 051 -05 010 008 -86 065 020 069 097 038 -60 -47 075 006 057 058
