100 100
00 06 74 20 18 70 97 15 09 43 86 69 26 61 88 97 90 28 96 78 27 33 39 30 08 79 50 34 42 86 71 48 48 61 82 81 95 34 93 60 09 87 02 13 45 14 43 61 89 15 76 76 65 29 98 15 09 70 60 37 92 24 01 38 40 35 17 06 81 51 03 68 06 92 58 81 43 54 01 70 37 26 54 17 58 87 71 15 73 55 61 36 64 14 20 84 15 07 56 04
60 52 32 47 60 70 50 53 76 44 82 37 21 83 54 26 47 43 16 68 48 50 62 30 18 47 48 45 70 77 91 95 91 38 11 36 41 86 75 32 51 03 56 97 73 45 04 51 69 08 79 72 32 99 07 00 97 36 61 70 18 68 24 10 70 71 63 91 21 58 52 92 10 29 29 97 09 93 85 00 98 12 91 08 18 75 64 43 49 27 32 99 71 30 63 09 41 18 85 11
77 18 36 80 77 23 97 04 17 46 28 17 61 63 65 85 21 52 49 50 39 01 19 02 48 47 11 20 99 69 89 42 48 19 85 88 13 99 03 14 39 29 73 17 76 97 24 96 58 86 79 10 07 36 93 52 04 50 35 23 85 92 22 04 25 26 68 10 26 55 38 87 86 74 20 05 10 26 10 58 45 80 47 42 90 20 19 82 94 00 34 07 28 52 26 65 90 37 91 41
26 05 37 50 16 29 28 60 40 70 28 90 65 82 86 69 97 01 90 66 36 71 17 87 86 21 66 89 56 96 88 48 17 71 55 87 98 14 58 05 59 08 41 22 45 49 65 30 73 35 32 56 01 87 10 77 49 26 48 33 69 62 08 38 11 74 02 30 55 59 42 38 37 58 54 05 28 53 70 48 95 57 67 57 01 54 31 07 07 66 11 44 74 83 03 70 52 79 62 70
62 51 20 54 78 92 08 45 91 61 45 67 76 52 14 84 51 07 63 34 74 56 94 87 28 20 60 58 70 46 72 94 84 96 41 06 03 33 43 50 80 36 26 64 68 20 61 25 23 98 84 44 20 16 37 92 27 73 35 26 04 31 92 93 39 47 25 84 48 64 78 00 26 97 28 53 70 26 85 77 18 68 91 33 76 47 95 94 26 48 30 63 31 66 86 53 99 70 38 76
52 42 40 58 18 32 91 22 48 53 20 39 04 55 37 86 97 00 18 52 69 40 11 85 22 74 96 69 24 05 03 41 75 87 32 91 71 44 38 15 92 30 99 26 79 16 36 88 34 95 59 57 53 69 50 84 52 97 71 25 52 31 57 51 00 68 25 14 39 39 05 89 20 27 02 60 73 97 06 20 10 76 72 03 73 22 73 05 50 80 06 01 89 43 78 94 28 13 47 79
59 52 39 70 71 93 84 42 00 84 45 08 39 73 08 90 38 36 43 84 65 20 57 12 53 48 28 94 62 13 96 61 32 37 91 27 07 62 59 56 47 82 59 23 95 77 04 47 22 03 91 24 87 58 76 28 95 51 11 46 68 47 38 78 56 95 04 52 22 92 02 39 36 79 88 35 56 43 47 70 03 09 27 12 38 69 56 52 72 71 90 74 71 43 91 94 85 03 90 09
49 58 39 99 60 53 93 70 17 73 28 41 09 63 80 51 91 69 75 81 43 14 42 49 52 14 28 05 66 67 57 92 61 50 07 18 78 79 98 60 04 18 21 23 19 65 40 70 41 45 61 32 27 99 76 15 74 08 09 22 22 69 12 47 70 62 91 13 57 09 07 31 50 14 79 95 50 65 34 31 29 02 35 25 35 80 64 71 92 59 34 40 27 05 32 16 82 75 66 82
56 01 91 01 28 60 92 27 14 58 35 87 19 40 38 49 97 89 71 14 53 46 13 56 46 88 96 04 87 24 09 36 12 80 03 59 19 06 05 89 67 90 66 22 33 12 12 57 03 33 01 24 55 98 78 43 63 72 26 40 07 47 39 15 12 77 13 28 41 60 77 16 76 72 04 52 98 20 37 62 98 68 12 40 91 40 98 39 48 87 87 69 87 55 26 66 30 80 16 63
69 32 17 81 91 83 86 17 24 46 84 59 85 81 87 43 75 72 43 56 14 49 72 14 30 07 63 81 31 90 23 80 34 53 65 77 02 85 00 41 29 75 20 70 43 29 75 48 45 97 66 77 06 62 95 96 36 13 00 77 11 64 10 53 38 12 74 08 70 81 15 22 83 45 46 81 86 39 41 61 73 75 53 86 20 97 63 42 76 87 68 17 70 43 29 06 65 02 13 42
71 09 17 80 48 39 73 07 20 48 57 48 16 88 93 48 72 19 40 22 30 36 52 89 47 32 44 95 42 66 52 61 70 47 03 31 98 10 08 19 67 51 25 10 80 58 39 72 92 75 64 59 71 29 19 66 39 24 04 68 96 22 13 97 80 23 33 03 66 70 87 59 80 78 49 93 85 06 01 71 94 53 82 44 03 51 35 28 97 17 66 66 91 62 60 20 08 65 59 43
77 74 32 41 29 45 56 49 88 27 69 23 57 39 46 57 32 23 60 47 76 11 39 30 13 99 83 99 21 42 29 52 34 58 82 17 69 54 72 65 78 94 53 07 87 35 12 48 88 90 47 16 99 62 21 24 45 32 48 14 10 51 74 91 96 92 45 57 54 79 04 47 30 80 76 17 21 05 14 82 34 31 96 42 24 95 67 93 98 72 88 47 38 31 91 94 59 63 04 66
33 11 34 53 40 63 32 71 49 45 11 72 28 41 22 37 04 14 65 64 27 22 52 11 21 06 61 08 56 66 86 38 44 77 84 01 44 85 48 33 38 30 85 15 58 75 66 08 57 67 96 03 84 04 02 46 61 21 03 10 98 39 50 81 51 79 73 04 63 03 84 92 78 65 89 42 27 17 07 50 14 89 36 18 19 13 99 80 16 25 14 25 33 67 97 98 47 41 82 25
46 11 85 88 42 96 03 93 13 32 26 44 52 33 75 41 12 13 02 86 80 40 14 37 52 68 45 62 48 67 39 15 71 55 74 72 73 75 67 50 70 73 99 38 23 92 76 68 65 65 33 71 70 46 67 77 18 71 41 83 81 73 98 84 36 50 24 63 53 73 55 33 25 65 19 22 60 66 02 16 14 24 22 72 40 49 01 91 55 83 40 97 68 80 32 40 28 36 19 43
64 46 59 96 26 26 09 27 60 68 72 37 87 02 59 28 15 01 23 55 99 86 42 03 20 17 07 18 34 55 72 61 51 28 12 02 35 88 32 51 55 64 53 16 07 74 04 60 76 97 88 48 47 30 58 65 35 75 32 90 53 69 14 03 43 31 81 35 89 72 58 59 48 54 16 90 79 92 95 93 38 85 09 14 81 35 87 83 16 40 25 34 64 78 10 72 25 02 17 92
27 90 35 83 14 38 70 06 37 26 42 98 75 13 72 38 64 98 98 08 74 61 03 43 79 79 15 72 68 09 92 80 11 03 27 53 14 00 82 91 74 53 76 31 78 52 73 16 61 45 55 45 81 29 84 86 16 63 37 69 28 97 78 10 91 60 44 17 90 24 50 63 80 88 69 15 90 25 38 28 36 62 74 62 05 98 23 98 86 84 32 31 05 19 83 14 51 27 45 74
05 30 06 53 40 86 47 44 38 90 85 95 94 22 47 41 19 63 75 32 60 86 04 76 30 69 87 98 39 30 14 65 69 88 56 58 98 40 36 47 59 13 30 37 82 37 77 55 60 19 99 93 54 14 43 36 60 95 19 18 19 69 90 95 98 86 43 76 80 67 94 93 57 93 78 74 59 72 93 24 34 27 20 10 51 19 79 57 59 02 21 30 28 77 75 83 89 78 98 05
10 47 20 14 63 07 40 88 61 85 39 38 92 66 23 97 75 80 75 47 41 45 86 01 55 43 18 98 30 43 70 22 41 20 90 99 87 99 75 15 16 72 11 84 33 51 33 15 61 75 13 67 88 72 01 02 00 90 17 59 80 89 88 46 31 46 67 10 43 88 62 65 94 44 97 18 83 31 20 25 55 00 75 15 70 04 05 74 93 18 70 86 75 55 45 36 27 10 99 42
46 52 97 15 21 79 45 01 31 12 68 71 94 04 97 56 59 92 83 92 52 19 08 89 41 85 17 43 34 73 29 60 16 94 09 75 28 84 40 19 94 07 89 94 09 27 76 81 46 92 34 16 52 46 42 21 06 28 25 10 37 85 22 28 84 43 52 63 40 55 17 54 94 81 40 03 76 50 89 08 38 76 13 06 39 13 41 74 24 07 77 12 11 37 71 12 68 84 62 57
10 32 75 56 60 81 46 75 59 18 43 08 27 01 11 32 71 41 91 01 62 33 00 86 09 05 24 66 54 57 59 78 75 04 10 73 16 82 07 92 43 76 17 17 06 58 69 63 49 35 83 86 64 48 83 36 94 23 86 14 16 80 82 90 59 25 01 02 66 72 21 46 67 84 28 26 34 87 81 81 05 91 76 29 13 13 02 98 99 48 63 75 69 27 80 25 51 12 27 41
87 63 67 97 88 04 08 60 21 17 84 80 35 39 36 25 37 25 77 19 55 03 70 21 31 12 74 33 50 77 46 25 63 97 40 88 19 72 53 69 41 52 58 15 68 45 63 01 64 68 45 63 31 51 54 30 57 88 74 93 63 52 20 27 03 56 08 89 64 36 56 39 19 65 90 60 94 05 66 72 39 94 98 55 69 60 53 06 16 05 88 56 21 80 17 09 54 70 77 88
05 94 11 70 98 32 38 95 83 99 41 27 87 50 23 87 42 34 02 96 18 09 39 09 63 39 46 85 55 29 78 66 50 60 88 68 43 94 27 00 43 32 16 94 30 45 18 75 38 12 36 31 42 81 62 12 77 25 21 45 75 90 00 73 56 93 90 03 82 03 47 99 06 52 05 61 84 54 19 41 51 69 82 07 64 55 43 65 83 24 24 30 73 38 62 80 80 49 31 20
37 95 49 85 48 04 14 87 90 41 46 48 13 69 01 87 90 74 78 00 83 67 48 60 06 14 02 96 73 64 05 35 02 30 03 92 38 69 93 58 38 16 82 33 28 20 77 37 30 28 65 65 36 92 98 22 81 83 73 99 46 22 67 13 54 67 55 89 29 45 57 41 44 99 89 57 97 80 40 20 21 27 28 81 34 02 54 04 88 30 65 17 63 82 12 40 05 49 48 31
16 76 69 75 03 37 68 38 94 35 18 10 43 98 34 46 18 75 79 63 20 61 09 30 66 01 13 90 69 85 24 31 85 74 93 82 25 86 20 72 22 04 99 27 98 11 53 75 11 58 63 49 54 43 77 56 31 88 28 06 78 69 37 03 67 04 69 87 69 83 43 82 59 33 10 11 09 20 75 67 71 54 21 57 03 36 54 36 29 31 74 04 85 41 00 64 43 04 06 40
65 05 13 91 09 27 47 92 34 49 29 98 60 54 00 97 21 00 44 46 92 42 12 28 26 48 20 55 32 41 84 17 43 46 55 24 56 64 25 99 77 29 62 22 92 40 54 08 50 59 28 16 12 14 51 56 57 85 80 73 16 08 31 61 34 20 97 56 27 70 40 03 35 34 49 33 63 31 65 72 08 44 01 54 33 83 29 32 37 41 23 18 24 34 41 76 76 40 27 52
01 49 93 34 00 06 94 68 85 61 34 31 67 70 43 10 12 34 56 53 40 10 13 28 24 68 41 31 16 36 05 82 29 45 53 03 90 10 48 09 02 93 21 54 93 86 12 71 10 87 35 65 16 38 37 25 31 41 59 16 66 52 21 39 10 53 57 78 33 42 34 48 96 77 09 18 02 45 28 20 03 35 21 06 40 38 21 82 07 79 62 57 88 62 27 11 09 56 21 52
71 70 13 36 20 58 25 91 60 64 87 05 25 33 77 64 77 87 35 60 68 72 68 42 09 90 56 47 66 67 78 92 50 32 72 71 66 92 03 08 53 46 73 29 59 03 03 60 93 46 68 28 23 11 44 73 67 26 46 21 51 08 42 26 74 90 79 09 62 28 42 16 82 11 80 29 18 76 96 64 88 75 81 42 76 06 23 68 63 17 64 88 67 11 88 04 94 02 75 76
83 02 23 53 17 10 07 76 54 90 51 89 97 09 41 67 99 92 80 58 48 57 99 55 59 95 80 30 64 08 38 45 07 75 22 26 97 24 16 62 99 38 65 61 65 54 49 72 19 93 32 09 11 52 18 02 50 01 64 87 53 14 95 32 88 28 03 97 61 04 13 43 99 45 42 17 41 25 53 19 77 59 53 39 92 08 33 78 38 99 39 76 70 56 04 77 26 04 28 22
29 00 05 23 39 64 29 58 70 26 39 40 40 69 15 96 40 73 59 39 65 33 70 95 81 34 71 54 33 83 97 45 04 69 47 08 57 86 44 38 00 95 75 91 28 37 58 06 96 62 01 84 35 08 80 33 15 93 98 65 38 90 46 87 03 80 17 57 99 42 75 93 17 27 09 31 66 31 20 80 16 41 16 19 72 39 58 96 53 62 11 06 44 34 25 08 89 70 10 14
31 24 81 26 47 99 27 80 48 51 48 10 56 26 30 47 66 99 75 86 56 35 95 22 39 44 23 72 41 38 10 62 59 57 16 12 11 20 33 32 61 22 28 92 29 66 17 06 22 17 30 24 53 95 62 26 60 53 80 89 46 95 53 40 30 90 36 74 73 06 28 39 20 14 84 16 92 62 99 50 10 71 36 78 31 57 17 50 36 01 70 62 13 60 78 30 10 02 33 23
93 72 74 37 17 56 41 23 89 05 40 61 19 82 01 92 95 85 92 37 78 59 13 29 32 12 95 25 31 24 86 24 49 73 14 70 97 11 88 78 22 70 69 09 69 54 20 49 66 53 68 71 69 95 56 89 91 76 28 20 37 41 79 05 70 51 10 37 62 92 93 31 11 10 60 26 08 22 58 72 35 74 84 23 30 55 62 28 57 20 18 11 60 29 15 78 13 56 11 17
49 12 01 07 89 90 36 40 00 98 16 12 78 75 68 62 11 74 38 79 58 81 94 27 09 68 05 18 76 76 29 50 14 07 78 88 31 95 70 02 68 19 99 38 10 35 39 44 16 18 61 73 90 32 72 55 59 42 34 15 30 50 02 00 01 01 50 17 54 44 34 59 44 32 76 29 59 78 26 47 84 33 12 56 56 83 18 12 35 11 45 68 96 13 40 84 38 31 98 58
14 96 33 18 35 56 09 71 33 24 85 52 03 61 96 87 65 98 86 40 20 79 46 37 83 86 64 54 64 56 80 15 18 14 80 78 46 24 54 19 91 82 03 56 65 22 67 01 95 78 21 58 77 37 86 28 51 43 55 01 98 84 21 09 86 02 15 57 51 27 25 33 81 15 64 24 25 27 30 58 68 24 06 00 59 58 80 22 03 01 35 18 63 55 06 89 25 11 07 76
34 81 67 29 53 45 27 33 64 95 26 09 87 92 34 10 70 28 05 37 50 83 79 16 88 55 11 87 41 43 47 93 75 90 51 13 56 26 46 96 41 15 25 29 99 84 94 33 03 83 12 95 54 06 70 22 64 14 74 25 58 16 67 72 80 46 72 65 84 53 09 03 65 85 52 40 96 96 98 13 28 82 74 62 52 52 81 56 59 95 26 29 05 86 13 20 50 12 29 31
97 79 52 82 44 10 44 00 41 22 73 95 98 29 43 01 00 80 96 18 00 94 08 42 63 89 10 98 01 73 27 07 68 36 26 25 78 80 69 95 61 16 76 22 65 28 66 83 67 25 27 51 78 12 03 42 88 88 78 12 33 78 45 24 15 17 71 23 62 24 03 00 29 09 75 53 85 01 98 85 47 60 70 79 21 90 64 38 41 75 68 34 56 34 00 74 11 71 29 46
44 27 59 90 35 05 14 67 05 28 72 16 60 52 80 91 86 02 22 59 42 54 69 47 85 58 64 51 97 53 44 06 26 42 63 69 62 46 63 29 99 87 37 46 95 93 90 30 53 41 75 51 66 85 90 35 23 60 48 94 30 02 28 51 76 16 24 00 36 05 25 84 39 32 17 75 38 95 60 66 46 86 32 66 32 70 70 59 25 17 63 45 93 89 55 45 10 91 46 08
48 87 26 42 05 30 70 90 94 85 21 17 30 19 80 92 80 18 36 99 04 94 46 51 23 97 72 77 46 31 63 38 69 66 55 77 24 22 08 95 47 68 18 69 87 58 29 26 42 83 22 26 26 17 63 80 27 65 29 89 59 92 53 61 75 10 45 58 38 14 01 67 07 67 35 47 90 91 79 36 16 81 61 95 89 72 10 86 67 73 83 73 59 33 43 13 98 61 70 58
07 07 70 34 53 76 95 01 58 45 78 17 62 69 21 46 61 61 45 59 13 77 64 46 82 82 57 51 24 11 27 31 69 59 66 71 52 72 88 84 73 68 51 76 95 00 96 13 28 17 42 68 11 92 54 13 54 62 53 62 15 21 36 01 62 99 00 23 75 92 68 02 57 16 76 57 45 73 72 81 93 81 09 06 36 53 22 09 94 07 63 15 06 29 10 18 82 38 63 87
37 10 83 31 37 66 39 98 51 43 11 66 79 38 90 71 27 04 79 82 72 64 32 59 15 16 91 78 06 03 98 01 91 59 62 13 63 17 13 49 24 73 35 69 30 76 92 57 09 36 10 24 01 10 99 45 73 65 94 63 66 07 50 85 80 33 36 88 44 17 47 99 00 48 10 01 91 88 44 85 10 94 65 46 70 74 49 47 66 97 92 98 72 70 55 67 17 55 10 43
29 46 95 07 61 69 59 38 42 86 97 98 50 04 24 43 48 66 74 01 24 62 33 74 10 71 31 84 62 89 37 97 47 70 73 52 18 14 61 24 49 37 68 49 84 27 64 75 32 16 64 94 50 40 33 22 31 81 22 25 45 90 57 28 44 90 35 95 87 15 44 99 46 38 84 05 79 26 74 17 35 73 72 67 18 12 41 80 94 92 83 35 00 61 10 41 94 55 85 62
77 08 94 88 99 04 56 03 14 82 61 92 69 47 32 74 44 78 05 02 65 52 00 19 10 00 43 65 14 70 21 64 35 36 97 43 70 14 16 97 30 39 06 29 86 38 53 52 17 66 23 48 09 63 33 67 21 95 19 02 89 91 07 56 87 40 75 77 79 40 12 46 20 93 73 38 00 71 61 12 04 68 27 12 86 16 41 84 69 96 23 48 69 60 45 27 53 92 76 73
55 32 15 06 35 23 42 74 13 95 59 76 35 03 70 79 88 35 26 44 55 58 21 83 78 82 24 11 46 24 35 23 02 61 98 04 09 64 73 58 24 51 32 94 13 63 01 95 34 00 32 61 11 47 64 74 34 52 48 59 35 53 58 23 35 97 74 76 83 91 85 73 25 65 05 58 09 75 23 00 71 29 31 50 85 88 56 44 62 44 44 40 78 36 88 45 27 52 47 49
12 99 85 18 82 69 82 59 48 43 51 03 90 67 67 51 34 43 42 15 88 88 91 98 74 63 74 92 56 00 90 65 98 88 03 75 96 62 78 45 40 32 15 85 55 93 66 85 50 31 26 96 16 51 12 59 33 30 14 02 56 97 79 34 97 29 83 93 13 76 80 64 38 82 92 80 82 71 75 85 67 13 77 33 84 83 77 96 78 11 40 17 68 40 54 66 68 09 50 52
47 67 64 01 44 18 47 78 86 51 03 28 90 77 19 85 97 39 15 96 20 09 64 97 14 89 43 01 38 70 22 86 71 13 61 59 77 77 85 43 43 81 82 60 73 44 85 16 65 15 54 44 03 42 98 58 49 51 04 91 84 38 77 77 35 57 59 52 21 89 05 37 32 49 92 52 14 87 01 80 97 15 42 89 99 29 46 74 30 67 95 44 67 79 49 65 58 25 30 76
86 49 35 08 68 85 60 86 61 54 72 88 10 74 37 93 12 05 31 03 50 20 70 73 74 32 96 31 49 93 53 40 28 29 97 17 14 90 22 86 39 01 19 45 89 85 93 45 75 21 69 56 44 65 03 39 58 55 81 81 09 78 82 09 40 11 31 15 91 34 99 75 51 20 65 20 96 90 83 36 08 48 43 50 33 82 30 18 48 05 36 70 99 25 14 85 69 58 57 50
35 51 64 11 23 69 52 71 44 97 15 61 47 70 58 56 45 79 21 67 15 88 87 26 84 03 97 29 59 90 98 13 75 00 68 08 03 35 74 74 08 49 56 92 54 35 84 05 58 29 77 59 80 31 86 62 09 18 73 05 86 46 54 33 13 86 68 17 11 56 21 87 09 68 88 14 46 82 98 93 77 44 92 35 09 28 85 74 26 60 13 08 44 12 04 00 63 47 41 71
05 52 40 15 70 70 51 69 79 59 40 40 19 94 51 46 95 08 34 99 65 49 01 17 42 24 32 40 56 03 78 50 26 41 87 91 90 18 67 74 43 71 04 01 50 67 36 81 55 95 93 74 53 25 85 67 34 84 66 57 98 07 26 24 47 39 29 79 98 53 55 47 19 65 19 26 77 80 60 80 08 54 09 93 48 72 69 06 24 23 60 77 50 13 57 68 55 05 53 18
42 03 96 31 35 72 15 77 83 36 07 63 65 10 29 10 91 46 45 40 03 31 87 07 72 96 50 81 17 71 91 41 36 48 42 48 85 21 65 73 73 61 29 53 11 94 54 07 11 64 94 00 80 26 57 57 26 54 17 57 80 79 84 18 90 51 94 56 08 49 43 92 41 28 15 27 36 33 73 61 02 01 02 65 34 07 23 03 72 57 63 10 17 48 43 75 69 74 88 95
74 20 31 93 29 13 71 34 05 44 19 70 93 01 60 63 61 95 77 94 51 66 97 44 78 47 50 74 40 84 34 90 19 78 14 80 83 28 06 73 32 62 30 36 82 42 30 62 42 51 38 71 81 05 95 11 68 31 27 97 45 88 64 28 58 67 57 99 80 30 67 56 67 73 89 51 32 16 70 70 80 18 61 27 30 69 61 09 55 23 27 02 53 95 23 61 37 31 13 56
62 36 65 78 47 53 19 48 92 36 26 39 46 74 26 76 66 13 36 14 40 47 05 89 62 04 34 75 83 31 46 02 29 69 04 96 84 77 74 97 40 69 55 30 53 45 54 72 83 29 89 91 04 60 43 31 29 03 70 55 36 46 18 53 92 19 13 79 54 15 29 49 12 35 80 48 19 94 33 91 77 05 16 28 58 27 21 47 62 16 65 06 70 73 45 21 07 46 59 01
39 19 88 43 34 39 75 21 08 09 96 74 54 90 39 38 19 69 05 04 67 85 78 45 36 14 59 80 44 42 83 22 24 43 93 98 36 44 55 41 37 34 07 39 72 00 40 43 36 30 89 79 84 08 75 92 41 96 62 39 06 19 76 66 86 93 08 40 60 83 87 86 37 93 30 52 22 43 39 60 76 78 32 55 47 89 06 48 42 77 01 33 44 63 95 66 61 23 86 63
47 27 02 64 54 10 49 28 75 07 26 18 34 20 68 95 11 12 26 24 83 91 48 12 60 85 78 39 57 56 84 11 26 88 45 56 83 45 85 07 43 65 39 19 00 63 69 50 11 05 42 41 56 79 43 73 95 66 72 47 93 31 75 60 72 65 94 09 36 64 79 28 82 87 99 56 14 81 48 96 07 61 81 67 67 79 72 51 29 29 94 32 50 51 37 57 59 49 40 51
57 29 67 34 78 02 43 16 34 74 96 72 50 56 05 43 02 25 70 46 94 42 17 76 07 90 15 73 97 15 51 14 84 23 30 50 71 15 84 02 12 17 12 28 80 70 66 01 44 41 46 61 47 71 61 46 56 88 63 39 45 87 99 48 94 54 72 90 46 11 87 92 14 82 69 13 51 72 45 67 50 67 66 79 26 90 03 42 27 37 25 51 91 17 78 76 94 96 92 60
86 12 28 64 49 93 14 13 93 52 94 11 21 40 63 72 16 22 57 75 23 07 82 10 58 89 23 57 22 49 25 20 16 88 32 81 30 45 75 12 98 67 41 69 38 18 69 13 04 42 47 28 03 06 83 60 27 65 02 02 45 63 51 89 02 24 47 93 64 00 80 44 84 79 34 20 42 31 70 22 06 25 88 42 52 31 88 36 15 88 89 32 04 47 79 03 94 24 25 16
24 13 20 39 29 17 98 00 40 44 63 50 79 09 57 60 91 16 82 80 53 05 60 77 19 71 23 36 62 98 38 46 90 14 33 78 94 95 63 77 02 27 60 20 54 96 72 18 89 11 54 30 34 47 29 22 26 41 63 01 07 28 61 85 68 03 40 32 42 93 77 89 49 68 04 42 01 91 16 84 60 41 12 89 02 81 58 50 75 05 31 05 76 27 79 62 13 28 24 15
23 75 88 50 14 79 29 42 27 75 86 66 72 05 36 85 18 52 12 77 18 18 62 91 04 22 29 88 37 66 59 03 82 82 93 42 82 83 91 84 36 42 51 92 42 91 24 85 87 71 95 94 92 37 12 69 40 36 72 58 17 04 08 65 55 07 42 93 34 13 69 61 00 99 23 52 90 75 75 70 27 24 66 13 41 85 54 67 77 64 55 60 67 21 53 98 38 71 67 76
91 11 75 60 00 46 75 18 25 56 06 61 69 15 06 14 13 96 00 10 86 38 98 54 51 26 76 73 41 05 21 76 53 41 10 80 86 59 47 40 76 67 79 14 01 78 71 03 44 52 57 87 81 10 48 57 65 34 76 87 13 64 07 11 85 00 96 92 14 64 62 45 86 73 72 29 90 67 90 11 17 73 90 56 57 85 20 66 92 71 85 69 72 54 85 31 06 43 15 96
26 65 69 94 44 55 17 04 18 52 96 60 50 33 06 75 55 53 35 59 14 37 75 72 61 97 67 53 94 36 96 13 38 74 18 22 42 39 28 72 83 99 49 98 69 34 87 00 08 76 75 72 44 40 70 98 28 71 99 86 85 60 02 73 60 11 08 29 92 44 99 23 91 88 54 99 69 62 79 67 25 92 04 12 16 30 58 95 13 72 30 95 69 03 23 22 51 77 46 48
35 69 14 12 93 88 47 39 56 68 89 56 05 89 05 02 67 98 86 27 39 89 95 84 75 24 69 55 74 42 23 79 47 94 93 33 34 94 99 96 20 90 03 62 13 39 35 23 52 62 37 15 12 35 75 78 49 08 37 82 88 62 10 52 79 48 45 65 17 82 63 70 22 08 61 47 28 80 14 01 26 66 67 38 88 07 80 61 59 92 47 11 93 70 54 04 76 56 72 88
03 86 04 89 82 94 25 33 84 21 32 33 50 60 41 46 57 15 64 75 56 98 26 19 73 26 55 71 83 05 06 41 16 67 09 25 13 01 10 58 46 25 46 23 23 94 60 73 50 61 87 75 33 72 05 12 82 91 07 73 48 55 91 14 12 57 85 39 78 65 09 54 92 13 08 83 81 94 18 02 51 40 55 96 51 90 74 22 20 85 21 15 66 43 66 06 29 96 39 37
89 04 60 29 54 23 25 58 64 40 50 49 73 16 04 00 94 76 74 85 37 68 51 09 56 37 27 02 22 74 58 41 85 33 14 81 63 23 44 48 58 34 10 20 27 81 64 31 43 81 36 60 83 47 45 66 61 78 06 50 21 07 26 30 74 34 75 55 01 44 71 37 91 96 34 90 43 34 46 82 64 47 12 48 78 62 09 85 60 08 00 70 32 00 94 60 75 07 54 65
10 51 10 64 43 70 19 08 85 34 13 30 17 12 71 71 81 20 32 57 74 86 97 33 08 92 13 35 75 60 14 70 20 66 00 33 85 71 32 19 72 08 57 44 10 60 86 12 50 64 78 02 95 68 11 61 05 94 10 23 68 88 55 04 47 46 41 89 98 11 93 62 62 13 14 05 17 13 13 09 49 66 07 57 78 05 46 63 52 00 16 64 38 30 25 49 34 07 25 87
66 40 80 97 74 79 80 86 98 85 45 50 01 83 11 19 29 57 93 68 92 73 76 77 21 73 74 38 31 20 46 39 63 13 61 53 27 51 98 45 70 86 91 95 31 47 94 75 73 52 51 70 25 50 90 50 19 26 33 45 12 54 06 01 24 31 78 75 57 36 91 84 61 68 03 85 82 52 55 89 23 71 17 71 29 11 99 25 92 04 50 31 31 32 97 12 61 29 60 34
42 23 52 44 98 49 79 08 54 07 43 39 17 52 37 21 72 49 27 66 12 19 31 31 05 31 14 14 65 14 70 72 55 76 66 24 76 59 76 99 75 17 99 48 47 10 43 61 78 52 72 43 83 51 85 80 34 58 52 10 84 51 41 45 56 32 83 47 09 47 89 90 99 98 69 05 89 42 32 60 91 88 90 93 61 14 33 41 09 87 86 21 95 92 77 21 20 23 05 02
16 26 34 17 98 11 56 54 09 78 81 94 53 11 34 22 27 77 98 07 26 09 92 66 16 70 74 15 01 30 71 54 41 10 20 31 35 60 16 09 41 35 38 26 40 21 11 70 72 36 02 57 51 34 88 06 67 09 65 77 57 48 99 08 94 01 97 15 98 80 06 30 14 82 78 13 99 62 08 21 77 52 60 02 78 11 63 45 55 15 37 73 42 48 47 40 95 62 48 25
27 51 86 75 42 82 69 18 03 25 49 33 62 11 71 03 45 88 27 65 10 82 99 16 61 73 08 51 07 10 67 87 61 89 69 46 71 11 36 62 74 88 42 33 46 79 93 87 00 49 79 15 46 04 10 43 99 15 93 53 73 92 97 04 77 82 90 14 79 98 07 28 11 51 46 57 25 13 58 61 18 95 72 19 79 38 68 98 88 92 50 33 05 25 26 45 57 57 71 13
51 75 02 06 26 29 26 58 74 68 32 96 99 45 07 99 09 67 49 18 65 40 62 26 02 71 90 73 23 43 43 58 60 10 71 12 15 00 52 91 29 57 52 81 28 81 98 88 35 41 94 64 01 80 10 22 27 41 31 61 44 51 68 69 54 53 20 72 91 64 29 38 76 56 10 90 07 51 65 27 73 24 59 01 06 50 94 68 55 44 13 81 59 99 67 00 09 65 38 22
78 52 13 36 19 27 73 42 59 71 01 30 38 82 51 92 97 76 79 56 90 65 32 17 00 50 18 74 96 77 49 79 88 63 55 17 55 95 49 93 97 60 89 10 91 40 88 70 60 51 61 60 37 56 60 69 20 30 48 53 20 61 02 59 64 15 97 40 24 15 25 95 59 57 50 49 40 84 15 93 33 68 09 21 42 42 40 17 38 75 28 76 77 95 09 29 94 47 13 44
49 63 80 47 09 28 70 54 36 68 21 03 84 98 15 25 60 46 81 70 59 20 49 27 96 16 09 79 52 62 31 87 35 47 07 14 47 31 10 95 31 53 72 73 96 53 90 89 21 61 28 24 50 05 84 59 38 36 68 71 05 50 28 96 95 09 75 21 03 01 26 29 22 94 69 97 05 86 61 17 76 91 16 39 40 09 19 00 54 98 83 37 97 99 58 73 92 68 79 28
67 57 69 04 50 86 56 10 11 61 93 78 76 53 18 05 41 43 51 84 41 55 20 51 53 27 04 32 30 66 97 09 11 84 16 78 33 11 40 73 84 40 40 63 04 78 98 96 66 55 90 04 09 66 34 42 86 08 29 81 79 83 36 28 10 86 78 76 04 26 08 18 88 81 37 01 66 08 56 59 55 99 76 81 74 95 29 62 49 19 08 16 60 75 91 47 20 25 31 42
66 30 01 39 84 56 41 30 31 08 45 27 86 82 96 19 51 17 63 27 41 35 25 88 87 28 62 87 88 87 11 93 80 34 92 99 71 22 15 24 64 84 08 62 00 78 36 93 02 69 73 06 14 58 81 30 33 65 69 80 68 00 72 72 96 82 46 75 84 51 93 64 19 18 32 31 58 84 66 72 79 49 58 77 11 37 09 88 96 40 73 68 00 57 36 15 01 98 84 47
18 68 35 76 70 61 76 91 99 81 98 71 75 06 42 22 41 71 32 27 11 60 19 91 17 95 55 15 52 62 51 56 82 59 42 66 35 67 97 30 24 80 22 58 57 98 14 85 71 95 21 64 73 15 47 48 75 85 11 20 79 35 08 88 83 53 72 56 78 09 61 59 37 29 91 15 80 72 62 81 02 14 12 93 91 68 06 47 46 73 29 05 50 04 12 05 65 24 88 73
09 77 24 97 85 29 62 41 37 04 64 84 88 26 00 99 29 49 55 79 70 33 93 37 45 24 60 99 12 83 25 96 18 40 82 74 57 21 75 69 74 86 22 19 85 92 73 03 83 66 36 29 57 99 63 14 81 01 20 72 82 57 75 66 81 44 55 53 76 90 34 48 08 41 39 52 87 16 05 24 10 96 79 67 30 61 07 89 91 40 13 52 98 60 62 79 93 32 01 67
33 44 92 56 64 50 44 30 68 77 01 64 63 18 51 89 02 53 38 32 76 07 04 59 24 24 05 18 73 41 46 92 44 69 52 22 41 07 34 14 59 00 60 24 20 60 42 00 75 55 11 42 89 55 82 74 57 75 34 42 91 29 38 25 65 18 18 79 17 23 52 99 15 56 43 09 15 68 09 08 94 26 24 72 00 57 91 21 81 61 58 11 06 93 19 42 70 74 79 93
88 34 83 44 03 44 37 96 26 03 34 79 18 73 17 63 49 58 17 14 04 68 84 08 53 54 69 53 01 69 72 30 43 79 39 29 50 47 83 66 44 00 93 78 93 36 18 77 91 45 71 73 25 89 05 25 97 20 31 49 92 10 80 31 30 48 64 67 76 99 88 80 42 37 01 13 32 56 00 75 43 43 42 09 31 62 57 33 95 22 89 07 45 05 78 55 24 15 81 12
81 98 87 66 91 74 89 90 19 88 60 64 56 21 46 94 58 17 81 65 19 16 70 79 13 69 67 84 82 33 72 66 24 53 66 73 38 64 54 37 05 90 05 10 33 03 97 33 17 15 42 71 00 97 66 53 13 93 38 08 95 05 07 03 65 52 81 47 46 76 49 75 52 87 95 48 74 36 77 60 20 19 02 79 07 69 50 21 60 54 45 21 23 96 17 75 09 42 75 36
75 94 07 25 60 44 10 87 27 33 49 12 32 52 28 02 01 29 86 27 94 16 85 29 67 97 17 55 79 95 13 24 47 15 71 34 47 45 39 73 52 80 29 84 58 31 54 33 20 31 99 11 03 23 71 64 30 19 30 94 12 69 12 03 13 25 41 73 68 12 56 23 93 27 07 65 17 87 51 45 91 51 78 75 97 68 01 37 46 24 37 33 55 22 69 43 11 14 46 11
64 67 30 44 34 06 78 62 22 28 22 33 44 70 79 00 47 14 06 69 49 40 85 79 35 86 12 24 19 17 60 23 12 64 19 21 53 87 40 07 18 58 98 72 84 40 44 57 24 69 79 24 09 47 35 29 13 63 67 39 70 30 35 67 98 99 82 42 17 16 55 17 81 66 98 85 68 05 83 94 75 16 05 45 24 60 08 18 24 76 43 50 05 26 42 24 54 75 46 89
44 52 27 35 60 76 86 84 47 49 15 04 54 29 72 76 93 96 66 13 36 37 81 66 70 77 61 04 10 14 53 91 27 02 83 91 48 44 28 34 27 14 18 69 79 98 18 76 39 10 38 63 13 71 76 66 77 87 77 74 22 55 72 10 78 81 99 79 70 05 86 19 58 43 94 66 40 92 83 67 63 88 26 47 50 15 68 88 53 30 28 24 43 66 32 65 85 42 36 01
09 79 90 25 58 13 34 03 45 24 14 43 75 61 04 78 01 85 56 44 76 84 24 17 77 29 34 38 28 02 67 52 83 21 28 68 41 46 04 01 68 43 42 86 69 18 53 25 14 75 10 42 07 43 06 68 05 41 88 56 06 87 31 60 16 43 11 17 91 24 14 38 23 62 13 34 72 51 86 19 35 51 08 77 82 52 64 17 50 55 90 74 23 59 44 19 74 42 65 84
27 72 50 76 65 23 30 14 12 78 82 64 40 29 43 45 54 28 76 39 66 15 00 16 84 44 71 71 94 04 23 84 01 84 65 90 95 43 69 82 72 80 59 24 20 76 14 08 17 53 40 69 40 73 14 18 16 98 00 63 21 40 65 96 51 73 06 51 91 16 87 13 94 55 89 45 65 46 10 78 99 53 27 09 01 84 33 14 87 63 87 21 86 64 61 11 50 28 24 07
78 03 50 19 26 81 02 87 19 49 92 82 84 15 28 99 26 29 61 88 54 88 86 02 66 30 09 00 74 53 89 58 66 31 47 00 78 72 34 04 27 20 85 59 57 67 20 75 56 73 34 44 18 47 70 59 22 79 26 36 09 41 31 00 09 78 62 30 33 55 30 42 30 15 67 40 57 00 71 59 83 70 73 52 59 32 45 44 33 31 66 19 76 20 64 60 99 19 00 29
75 30 28 56 59 30 98 04 75 45 23 80 05 23 76 38 28 30 30 43 67 25 17 28 00 44 16 23 41 76 29 52 89 65 59 00 71 64 51 01 21 57 02 67 78 45 06 26 50 15 50 95 64 53 37 65 02 33 95 78 05 64 51 01 30 78 20 30 62 67 55 74 60 61 50 88 52 51 29 34 22 51 70 02 78 37 36 42 14 00 48 70 99 57 40 10 85 69 71 12
94 31 30 65 56 33 19 19 61 67 28 91 89 35 05 00 97 83 51 24 09 18 08 63 17 63 51 79 52 26 26 44 47 35 77 73 33 91 94 30 48 64 55 31 45 78 44 63 55 23 39 76 94 41 34 72 98 60 78 67 37 41 35 24 02 06 91 24 57 11 36 57 14 98 50 29 70 18 59 14 38 88 16 67 37 40 02 13 67 17 12 63 97 36 96 12 76 60 59 98
96 95 71 25 46 60 27 71 34 63 70 51 83 84 47 68 44 22 72 58 85 66 13 72 08 52 92 19 34 43 66 63 30 21 39 49 21 84 07 15 30 01 42 83 28 52 76 51 86 66 72 16 73 18 83 17 02 22 39 02 29 40 32 41 58 75 35 49 90 29 68 61 71 57 49 82 75 48 84 40 53 22 70 38 37 24 42 36 79 27 08 24 66 93 42 17 80 06 11 56
14 76 87 93 50 65 08 15 14 98 24 96 74 97 06 35 88 69 73 20 34 32 74 66 24 67 37 24 86 85 71 02 00 59 46 04 06 33 84 16 71 28 01 15 50 13 63 76 90 20 30 31 18 72 80 21 08 00 82 35 04 00 53 57 82 30 28 43 23 65 31 30 04 13 76 80 14 08 25 31 61 25 13 78 87 37 69 76 17 25 28 48 93 05 36 27 80 10 58 77
41 76 56 53 94 00 39 97 80 21 93 97 11 92 14 38 80 54 69 92 81 11 28 81 86 64 70 80 82 92 83 54 35 82 85 00 68 20 08 78 00 15 29 74 31 05 88 31 84 13 07 27 45 65 53 43 07 83 94 43 01 20 31 93 09 03 14 67 26 41 56 70 06 34 30 14 83 40 07 73 20 75 20 60 09 41 43 88 05 32 37 27 61 76 83 03 62 63 10 42
88 86 27 35 29 31 24 41 36 72 69 88 40 16 00 93 88 17 27 73 50 81 03 11 44 28 58 74 20 54 94 24 69 57 07 09 28 95 64 67 00 02 85 29 51 64 19 77 24 16 98 49 52 51 48 12 20 64 62 16 86 53 23 61 38 97 36 80 87 46 27 91 69 17 18 91 12 35 85 36 64 21 35 86 07 39 49 41 42 61 50 83 19 09 03 44 30 32 49 50
41 46 82 88 81 56 52 71 63 01 93 47 66 90 57 92 70 36 51 28 82 35 44 96 26 72 92 29 06 63 74 70 53 37 62 73 88 97 71 27 35 48 27 14 30 29 68 23 08 14 62 29 44 09 28 41 36 75 79 05 88 09 18 32 27 53 26 08 61 71 95 68 34 01 05 27 23 53 61 29 80 24 75 72 28 25 61 35 21 35 83 59 11 63 15 39 58 32 10 97
69 82 74 69 98 37 59 12 26 70 22 90 73 47 84 92 88 70 02 09 32 82 65 73 04 24 59 23 49 77 09 03 11 46 07 63 00 85 00 33 86 81 24 15 82 90 70 76 07 78 73 21 85 99 70 38 24 94 13 63 12 74 91 11 55 41 69 84 69 71 54 06 57 59 81 18 67 80 99 31 81 19 54 48 46 44 66 15 12 80 46 54 11 78 24 54 74 96 91 93
12 55 76 73 27 85 10 49 82 22 60 08 87 45 86 76 09 59 10 89 14 09 29 69 01 84 76 26 21 36 17 44 77 43 63 65 66 63 84 21 41 81 78 08 27 71 42 00 51 84 96 15 22 41 68 18 53 11 30 42 60 28 00 69 68 73 76 78 88 20 53 68 62 01 40 95 18 54 24 16 53 75 93 38 74 72 36 76 70 62 58 12 43 06 19 85 50 14 83 69
78 97 53 76 58 46 79 10 02 67 70 52 74 12 84 06 27 22 14 59 51 72 31 03 83 71 93 52 81 01 18 70 61 97 89 42 86 79 01 69 23 98 56 42 60 37 10 79 48 52 68 97 18 15 16 32 50 34 35 63 37 29 95 27 09 74 67 63 75 49 63 54 51 54 20 45 44 53 10 50 42 14 42 36 38 73 92 86 96 65 21 50 07 65 31 02 65 02 29 16
77 94 84 23 08 83 91 77 22 14 31 91 93 01 36 32 37 05 25 68 15 46 73 70 97 50 50 31 67 46 20 09 32 90 68 03 16 11 57 83 71 94 43 51 75 72 68 48 44 89 79 78 50 32 84 89 33 78 82 49 19 89 73 13 70 86 99 29 62 29 76 77 05 48 36 45 68 04 36 89 40 35 00 89 10 80 28 44 78 13 78 98 06 62 46 38 29 09 04 61
63 30 47 16 67 10 13 32 36 87 42 80 20 33 49 99 86 65 61 07 61 81 80 28 52 89 04 25 77 61 50 26 70 29 05 32 77 02 52 98 20 22 07 13 61 19 68 51 28 01 60 05 49 85 21 40 46 61 43 67 87 51 26 18 68 19 92 74 44 12 48 51 50 49 21 45 88 15 60 61 76 16 66 24 26 55 32 06 47 43 82 04 55 49 84 96 89 98 86 71
76 62 10 02 39 35 29 54 96 34 69 37 42 44 02 24 11 85 39 04 30 63 43 08 21 91 15 76 82 88 01 83 22 77 44 22 36 62 17 07 55 98 00 99 95 12 62 91 98 10 40 24 83 59 88 05 59 39 59 60 17 78 28 90 54 12 36 65 79 61 81 60 96 34 06 20 26 58 43 04 15 85 80 54 43 79 79 23 78 90 58 40 84 42 55 17 52 73 49 07
94 61 18 20 15 55 84 55 00 78 09 32 60 35 75 74 94 91 97 87 57 61 15 37 55 75 74 40 65 77 81 61 68 95 77 78 13 57 30 79 87 18 60 68 34 89 90 96 62 97 56 20 36 80 87 65 34 97 21 06 62 31 41 31 83 06 81 70 07 92 24 99 97 19 07 75 77 52 27 25 72 56 40 61 99 58 83 21 60 07 38 28 48 80 17 07 33 89 57 41
03 90 88 22 77 11 07 98 00 28 44 08 51 52 87 52 45 39 70 00 75 95 81 59 43 31 58 29 32 22 67 88 66 00 13 56 67 15 48 15 81 64 06 51 56 92 76 63 88 47 80 34 78 96 47 85 93 47 73 03 14 65 04 79 09 89 07 47 76 20 80 27 33 94 02 35 03 88 48 24 07 41 33 79 03 40 29 31 62 46 67 78 29 97 53 40 63 26 57 17
82 60 45 28 36 01 28 31 45 71 81 73 78 58 59 70 20 70 81 93 23 06 29 40 86 26 82 07 23 87 15 58 24 87 13 26 07 49 52 66 74 67 81 08 69 51 78 90 90 14 05 86 13 67 67 14 86 31 79 40 54 05 76 70 03 12 32 48 35 86 28 51 63 15 99 98 22 10 68 91 78 84 86 62 75 13 95 02 55 72 88 70 06 73 71 01 11 84 03 58
16 76 54 44 05 35 17 94 44 56 50 55 58 31 09 99 69 02 51 25 33 85 09 00 62 76 89 59 05 80 27 78 01 31 69 84 48 63 91 87 31 83 92 47 75 15 11 23 54 94 55 87 13 88 42 10 80 72 92 37 05 10 47 49 97 76 46 65 56 47 48 28 04 03 54 59 87 40 43 37 28 83 09 91 50 12 76 18 33 98 72 49 10 82 45 29 00 93 62 98
47 53 93 36 67 52 20 17 02 27 38 59 06 44 33 85 49 43 47 22 66 43 57 76 54 48 31 96 77 90 74 74 44 65 83 35 26 84 09 43 57 72 20 54 98 29 74 25 97 86 07 03 53 27 78 23 83 58 63 44 54 39 87 53 51 41 79 96 56 06 41 84 08 55 57 14 05 06 56 39 08 44 85 27 01 03 81 74 45 49 06 38 98 85 45 82 46 77 51 98
